6.006371335184018667e-01
5.965047133152757697e-01
5.980365644860838881e-01
5.985117386589396959e-01
9.343524605367227176e-01
9.290938056519377763e-01
9.322552465935400878e-01
9.349293358048675895e-01
9.362872970468871792e-01
9.342417084476734024e-01
9.314546050449052927e-01
9.307661202708441550e-01
5.770746171397458379e-01
5.805399806895199522e-01
5.784882454519943984e-01
5.791569406022841759e-01
9.172479180956799594e-01
9.216500946027860186e-01
9.230795321902953710e-01
9.249636264581790890e-01
9.347416514663645648e-01
9.296105169795730871e-01
9.360770515071256126e-01
9.325924805254389716e-01
