6.564281290180319361e-01
6.565377970356004456e-01
6.568617434957501056e-01
6.566415768184283852e-01
8.961712433731363614e-01
8.963492349325162811e-01
8.971325042046941478e-01
8.961279953355789640e-01
8.842334102041508048e-01
8.822516742489771024e-01
8.817169874565562449e-01
8.838262780149320763e-01
7.319659910452095408e-01
7.321648810491175885e-01
7.319233676737411098e-01
7.315501065911149681e-01
8.977067240096252565e-01
8.988911357902108490e-01
8.970258604760877885e-01
8.985839726898199320e-01
8.777243426594054654e-01
8.785163430247411309e-01
8.814095605435842140e-01
8.781369857654227618e-01
