9.202964058852509677e-01
9.196194644223112391e-01
9.207449036419211863e-01
9.201235163222808433e-01
9.715172577363495598e-01
9.702904321905467810e-01
9.710733914040006187e-01
9.720891328557346167e-01
9.757166842557464248e-01
9.748701460901705307e-01
9.751572965421014816e-01
9.742212643895288293e-01
9.399712246416570549e-01
9.396495795794470585e-01
9.396829002891317062e-01
9.399077184585413747e-01
9.758497495613199790e-01
9.767650070353878222e-01
9.762491884555022370e-01
9.754312607838346860e-01
9.792315710974711651e-01
9.792598725090605472e-01
9.787039471102821908e-01
9.802619756974433329e-01
